                     name            SIG        modulus              r          ratio         angsep       bit       cut
               Tucana III          12.72          16.50          0.110          1.923          0.008         4          
              Reticulum 2          37.50          17.00          0.070          1.665          0.023         4          
                 Cetus II           7.18          17.00          0.040          2.023          0.016         4          
                Tucana IV          10.88          17.50          0.130          1.743          0.035         4          
                  Grus II          13.29          18.50          0.100          1.555          0.011         4          
                 Tucana V           9.97          18.00          0.040          1.663          0.007         4          
                 Tucana 2          12.88          18.50          0.200          1.863          0.035         4          
            Horologium II          11.21          19.50          0.040          1.549          0.006         4          
             Horologium 1          20.68          19.50          0.040          1.692          0.004         4          
               Eridanus 3           9.05          20.00          0.020          2.041          0.009         4          
                Phoenix 2          12.18          20.00          0.050          2.111          0.006         4          
                 Sculptor           0.00           0.00          0.000         -9.000          0.000         4          
            Reticulum III           7.46          21.00          0.020          1.892          0.011         4          
                  Indus 1           9.31          18.50          0.010          1.554          0.007         4       cut
                   Grus 1           8.80          21.00          0.080          1.583          0.022         4          
               Pictoris 1           8.55          20.50          0.040          2.388          0.003         4          
                   Fornax           0.00           0.00          0.000         -9.000          0.000         4          
                Columba I           9.45          21.50          0.030          0.971          0.017         4       cut
                 Indus II           0.00           0.00          0.000         -9.000          0.000         4          
                  IC 1613           0.00           0.00          0.000         -9.000          0.000         6          
                  Phoenix           0.00           0.00          0.000         -9.000          0.000         4          
               Eridanus 2          27.41          23.00          0.050          1.995          0.004         4          
                   Tucana          10.73          24.00          0.050          1.972          0.003         4       cut
           ESO 410- G 005           6.12          16.00          0.040          1.454          0.012         4          
                   NGC 55          16.47          16.00          0.120          2.234          0.190         2       cut
           ESO 294- G 010           0.00           0.00          0.000         -9.000          0.000         4          
                  NGC 300          37.50          16.00          0.200          1.582          0.104         2       cut
                  IC 5152           8.97          24.00          0.020          2.115          0.039         2       cut
                     name            SIG        modulus              r          ratio         angsep       bit       cut
             Reticulum II          37.50          17.00          0.070          1.665          0.026         4          
              Eridanus II          27.41          23.00          0.050          1.995          0.005         4          
                Tucana II          12.88          18.50          0.200          1.863          0.024         4          
             Horologium I          20.68          19.50          0.040          1.692          0.014         4          
               Pictoris I           8.55          20.50          0.040          2.388          0.005         4          
               Phoenix II          12.18          20.00          0.050          2.111          0.012         4          
             Eridanus III           9.05          20.00          0.020          2.041          0.009         4          
                   Grus I           8.80          21.00          0.080          1.583          0.025         4          
            Horologium II          11.21          19.50          0.040          1.549          0.008         4          
